тест 1 :
RandomForestRegressor(random_state=1)
mae = 4.862320418035779
mse = 84.58321616009493
r2 = 0.9974789279133927
тестовые предикты 50.05108